# ------------------------------------
#     D1--D2--D3--D4--D5--D6--D7
#   /                            \
#  /                              \
# D8--D9--D10-D11-D12-D13-D14-D15-D16
#     |                         |
#     D17   +-+   +-+  +-+    D18
#     |     +-+   +-+  +-+      |
#     D19                     D20
#     |                         |
#     D21-D22-D23-D24-D25-D26-D27 
# ------------------------------------

- Name: AllOn
  Data:
   - '1111111111 1111111111 1111111'

- Name: AllOff
  Data:
   - '0000000000 0000000000 0000000'

- Name: OneByOne
  Data:
   - '1000000000 0000000000 0000000'
   - '0100000000 0000000000 0000000'
   - '0010000000 0000000000 0000000'
   - '0001000000 0000000000 0000000'
   - '0000100000 0000000000 0000000'
   - '0000010000 0000000000 0000000'
   - '0000001000 0000000000 0000000'
   - '0000000100 0000000000 0000000'
   - '0000000010 0000000000 0000000'
   - '0000000001 0000000000 0000000'

   - '0000000000 1000000000 0000000'
   - '0000000000 0100000000 0000000'
   - '0000000000 0010000000 0000000'
   - '0000000000 0001000000 0000000'
   - '0000000000 0000100000 0000000'
   - '0000000000 0000010000 0000000'
   - '0000000000 0000001000 0000000'
   - '0000000000 0000000100 0000000'
   - '0000000000 0000000010 0000000'
   - '0000000000 0000000001 0000000'

   - '0000000000 0000000000 1000000'
   - '0000000000 0000000000 0100000'
   - '0000000000 0000000000 0010000'
   - '0000000000 0000000000 0001000'
   - '0000000000 0000000000 0000100'
   - '0000000000 0000000000 0000010'
   - '0000000000 0000000000 0000001'
   - '0000000000 0000000000 0000000'

- Name: Stream
  Data:
   - '1000000000 0000000000 0000000'
   - '1100000000 0000000000 0000000'
   - '1110000000 0000000000 0000000'
   - '1111000000 0000000000 0000000'
   - '1111100000 0000000000 0000000'
   - '1111110000 0000000000 0000000'
   - '1111111000 0000000000 0000000'
   - '1111111100 0000000000 0000000'
   - '1111111110 0000000000 0000000'
   - '1111111111 0000000000 0000000'

   - '1111111111 1000000000 0000000'
   - '1111111111 1100000000 0000000'
   - '1111111111 1110000000 0000000'
   - '1111111111 1111000000 0000000'
   - '1111111111 1111100000 0000000'
   - '1111111111 1111110000 0000000'
   - '1111111111 1111111000 0000000'
   - '1111111111 1111111100 0000000'
   - '1111111111 1111111110 0000000'
   - '1111111111 1111111111 0000000'

   - '1111111111 1111111111 1000000'
   - '1111111111 1111111111 1100000'
   - '1111111111 1111111111 1110000'
   - '1111111111 1111111111 1111000'
   - '1111111111 1111111111 1111100'
   - '1111111111 1111111111 1111110'
   - '1111111111 1111111111 1111111'

   - '0111111111 1111111111 1111111'
   - '0011111111 1111111111 1111111'
   - '0001111111 1111111111 1111111'
   - '0000111111 1111111111 1111111'
   - '0000011111 1111111111 1111111'
   - '0000001111 1111111111 1111111'
   - '0000000111 1111111111 1111111'
   - '0000000011 1111111111 1111111'
   - '0000000001 1111111111 1111111'
   - '0000000000 1111111111 1111111'

   - '0000000000 0111111111 1111111'
   - '0000000000 0011111111 1111111'
   - '0000000000 0001111111 1111111'
   - '0000000000 0000111111 1111111'
   - '0000000000 0000011111 1111111'
   - '0000000000 0000001111 1111111'
   - '0000000000 0000000111 1111111'
   - '0000000000 0000000011 1111111'
   - '0000000000 0000000001 1111111'
   - '0000000000 0000000000 1111111'

   - '0000000000 0000000000 0111111'
   - '0000000000 0000000000 0011111'
   - '0000000000 0000000000 0001111'
   - '0000000000 0000000000 0000111'
   - '0000000000 0000000000 0000011'
   - '0000000000 0000000000 0000001'
   - '0000000000 0000000000 0000000'

# 中央から両端に向かう
- Name: OpenDoor
  Data:
   - '0000000 000000000 0000 0000000'
   - '0001000 000010000 0000 0001000'
   - '0011100 000111000 0000 0011100'
   - '0111110 001111100 0000 0111110'
   - '1111111 011111110 1111 1111111'
   - '1111111 111111111 1111 1111111'
   - '1110111 111101111 1111 1110111'
   - '1100011 111000111 1111 1100011'
   - '1000001 110000011 1111 1000001'
   - '0000000 100000001 0000 0000000'
   - '0000000 000000000 0000 0000000'

# 両端から中央に向かう
- Name: CloseDoor
  Data:
   - '0000000 000000000 0000 0000000'
   - '0000000 100000001 0000 0000000'
   - '1000001 110000011 1111 1000001'
   - '1100011 111000111 1111 1100011'
   - '1110111 111101111 1111 1110111'
   - '1111111 111111111 1111 1111111'
   - '1111111 011111110 1111 1111111'
   - '0111110 001111100 0000 0111110'
   - '0011100 000111000 0000 0011100'
   - '0001000 000010000 0000 0001000'
   - '0000000 000000000 0000 0000000'
